131072
262144
x86
128

10

114
121 39 86 89 29 85 9 26 63 39 25 114 45 118 119 3 1 26 59 53 91 33 47 64 85 6 112 46 71 115 77 60 58 40 73 36 58 118 7 1 93 23 62 114 2 55 102 116 126 79 31 43 127 122 21 117 97 116 27 48 1 127 125 11 76 95 112 74 27 54 121 6 92 41 15 33 4 123 81 23 25 14 55 7 7 20 77 53 106 66 59 69 14 39 7 9 108 113 8 125 49 125 36 49 83 46 89 29 55 3 52 38 47 61

261
88 75 43 73 79 120 104 12 117 26 33 120 111 88 57 47 23 110 37 86 35 123 51 93 78 108 49 62 53 123 101 24 37 103 79 119 68 64 29 51 26 127 75 33 8 81 106 101 33 58 110 10 105 88 57 56 4 70 119 97 63 39 56 34 9 10 51 73 33 75 10 102 73 49 15 56 51 106 43 10 78 31 33 34 17 88 38 18 16 34 88 43 24 18 110 48 57 34 75 33 9 115 8 107 99 32 12 106 33 101 42 105 68 97 4 111 58 102 62 2 5 6 120 120 80 88 59 12 104 34 126 108 54 122 34 53 2 80 20 49 12 56 94 5 18 48 30 29 88 39 40 124 34 2 115 106 87 94 23 55 113 71 100 101 15 107 54 109 99 34 89 59 22 11 103 7 6 43 121 65 96 10 127 112 96 123 121 19 93 52 102 20 97 36 19 22 59 109 109 18 80 72 9 39 53 84 114 9 10 3 90 18 110 27 56 33 12 16 88 93 107 34 48 77 37 5 5 51 45 68 111 87 117 53 70 119 119 119 54 14 18 118 97 4 4 98 20 27 90 31 2 81 78 109 54 15 26 58 87 4 4

378
51 83 63 54 7 16 98 109 20 123 71 19 12 61 99 112 51 29 13 84 110 85 23 70 67 3 93 22 60 95 110 53 30 41 36 8 108 77 94 30 57 15 14 52 79 123 114 88 24 90 47 47 105 116 5 91 68 33 55 85 35 1 20 115 33 77 111 110 73 68 71 9 99 113 2 5 76 64 94 44 119 58 17 105 119 18 121 99 87 76 93 118 75 15 15 104 0 79 122 103 60 67 35 23 83 56 44 105 42 4 45 25 44 48 34 91 51 0 7 75 47 108 58 52 87 97 115 44 14 83 27 48 61 63 73 85 21 75 43 101 30 22 83 45 65 6 45 62 14 23 42 71 108 58 17 122 27 88 124 53 25 51 60 38 42 80 113 78 27 40 23 125 102 41 56 30 41 87 124 100 65 28 84 117 6 123 63 25 25 93 88 31 99 90 56 61 64 41 43 47 109 104 80 15 50 34 7 65 3 21 37 46 81 87 35 75 44 97 66 50 48 108 14 76 113 7 102 18 96 118 33 52 70 10 85 43 52 117 84 67 35 78 102 123 78 101 86 18 88 3 13 27 73 14 31 32 32 124 16 79 11 27 46 57 26 73 90 99 107 95 60 58 101 87 64 66 53 16 95 38 27 12 67 110 70 17 111 28 119 105 17 63 29 99 44 72 27 50 108 30 74 47 83 104 91 37 41 98 95 68 23 116 57 41 101 94 45 98 111 97 44 84 83 124 91 30 64 23 73 76 8 52 65 51 3 12 121 123 43 93 101 63 34 70 22 106 95 119 52 31 52 124 75 123 117 113 60 4 23 64 118 19 105 50 88 125 106 64 40 111 4 42 6 82 24 122 64 108

257
78 95 83 110 118 124 56 96 4 56 2 29 94 50 19 27 10 88 103 99 31 89 86 114 79 24 73 52 40 110 61 102 18 108 2 53 51 50 15 98 57 74 121 118 0 44 34 111 48 16 89 5 3 2 31 87 29 68 68 125 123 69 37 92 110 64 98 110 52 122 76 32 32 110 32 121 5 112 11 80 21 69 59 27 78 8 112 45 23 86 70 50 6 18 124 102 80 85 103 59 85 41 2 103 68 2 12 43 72 103 68 121 3 21 13 3 4 97 22 10 107 18 51 73 99 123 22 3 122 83 74 9 45 59 37 61 18 9 48 17 91 93 81 12 48 107 73 116 91 13 92 82 46 97 58 2 21 10 103 100 85 120 40 20 60 41 44 89 81 58 13 105 105 35 77 109 53 68 84 41 31 30 99 3 79 33 94 125 24 5 121 111 97 12 21 101 11 108 118 19 108 44 102 122 97 75 10 48 124 76 70 13 42 88 96 66 49 11 99 123 69 36 123 30 74 19 95 29 21 88 65 100 51 113 84 75 11 116 45 91 48 117 115 123 82 97 92 120 87 75 57 78 124 122 18 40 81

789
124 8 97 7 63 4 40 51 95 103 25 92 33 32 55 78 59 26 20 98 9 14 32 60 32 39 81 34 119 64 33 105 25 1 78 59 89 0 93 45 73 73 53 56 53 26 15 34 99 123 63 52 6 3 35 33 72 17 109 83 67 23 8 62 73 60 6 34 81 5 53 95 13 2 58 55 89 22 115 40 102 55 80 120 35 100 31 11 112 40 55 28 45 7 33 89 48 10 104 125 101 11 81 8 63 101 116 34 127 71 42 83 100 83 65 26 33 119 106 33 74 36 65 124 29 88 17 42 100 28 2 22 18 83 70 115 22 80 111 89 45 79 0 116 55 47 22 57 1 3 37 94 49 111 102 94 83 4 5 117 50 119 52 28 23 81 116 3 8 6 108 92 118 81 90 22 30 28 74 102 56 126 119 6 61 71 81 84 22 78 88 18 100 100 60 8 31 78 3 75 68 124 19 74 85 56 90 104 66 114 58 113 58 113 96 82 111 119 43 108 98 32 119 37 10 8 87 89 2 70 75 122 121 49 47 81 46 96 121 42 125 39 98 60 6 108 74 24 17 45 96 127 79 90 111 37 113 108 92 8 41 18 34 26 66 4 39 69 19 32 69 27 47 70 7 14 67 42 78 18 34 102 105 12 98 4 23 72 92 103 113 27 92 13 19 65 2 13 32 112 92 55 32 109 88 95 1 74 78 115 102 96 19 32 72 56 92 89 3 19 80 59 11 6 100 17 33 40 58 59 61 97 110 15 119 63 34 95 56 31 39 95 76 108 64 85 100 33 44 39 35 127 16 85 17 61 24 108 85 96 67 26 122 16 74 118 10 58 94 102 124 69 59 14 99 108 108 118 38 23 26 26 101 47 6 114 6 102 90 49 3 41 52 17 19 16 82 98 108 76 72 44 97 57 125 98 21 123 80 58 49 70 23 101 99 13 114 38 59 19 69 49 11 65 111 105 5 78 115 0 66 61 70 17 66 95 59 75 29 3 123 66 85 26 82 38 95 73 106 16 126 37 42 6 73 29 126 125 35 64 48 8 111 46 16 80 20 18 10 55 56 47 79 62 98 89 34 7 124 91 79 19 38 126 87 87 104 87 23 91 17 102 29 88 79 73 36 122 122 122 69 6 25 103 77 22 8 108 37 64 89 7 84 92 71 102 27 50 57 57 46 122 64 81 33 100 56 75 60 79 105 36 54 47 46 32 63 50 13 12 35 26 93 44 8 88 27 127 78 95 37 122 25 40 34 85 77 99 71 80 67 115 72 28 63 10 32 44 123 29 75 117 90 95 48 15 56 7 14 47 57 59 13 39 37 42 53 34 95 29 41 67 30 34 41 0 82 11 40 96 43 48 75 34 48 25 24 21 3 35 58 0 75 37 118 72 111 81 13 82 82 103 21 111 66 123 35 77 11 78 34 48 30 45 40 89 98 81 5 127 14 78 126 124 83 104 72 8 78 98 6 80 45 62 64 35 113 8 8 88 67 77 55 32 14 14 81 101 85 19 14 103 98 126 52 123 49 0 59 111 106 87 6 89 67 72 66 63 103 100 83 88 20 42 114 122 33 62 105 16 51 102 10 117 115 29 41 40 43 107 2 50 47 1 59 109 119 51 102 114 77 54 4 52 24 82 10 71 79 122 111 40 117 123 65 70 59 5 126 58 68 101 58 40 106 111 83 13 115 64 115 24 21 90 29 58 51 36 69 124 84 79 18 125 2 32 0 73 90 49 39 123 18 29 8 112 47 76 27 75 120 90 120 123 57 82 21 22 118

574
32 120 109 75 110 53 42 115 60 100 10 76 9 77 97 6 56 18 55 107 109 17 8 125 122 74 60 60 126 14 27 33 60 72 95 62 19 106 109 101 124 24 104 95 121 114 24 105 120 95 102 1 62 14 117 99 15 33 82 64 111 37 68 64 51 27 73 113 102 30 47 16 25 30 69 100 127 96 89 20 30 4 79 45 56 53 21 63 74 92 51 61 48 78 114 45 45 16 122 21 54 106 102 49 2 29 20 35 24 103 32 47 97 16 11 109 9 70 58 126 92 73 110 45 114 96 36 103 46 111 12 63 68 35 56 108 43 103 83 99 45 46 127 116 114 100 1 7 34 111 4 121 125 20 58 98 100 84 95 102 114 53 95 124 41 31 80 3 52 35 84 108 88 18 123 35 96 69 71 93 4 53 7 87 66 106 38 125 84 58 27 102 113 115 47 125 116 43 36 67 56 33 95 62 43 8 35 93 104 20 15 2 50 97 40 88 115 17 124 2 69 96 57 5 56 104 22 95 38 26 19 26 20 23 8 52 0 10 53 98 123 44 120 75 48 101 6 42 59 116 20 86 21 114 8 104 33 37 5 108 115 7 86 41 31 55 42 36 108 62 78 22 62 27 52 29 55 65 2 8 103 16 13 87 43 29 44 88 82 39 31 119 79 87 49 26 97 24 88 27 115 53 23 7 90 59 23 16 11 30 99 12 53 2 100 106 69 65 106 82 71 76 31 55 112 41 88 72 121 18 126 127 25 99 40 106 115 7 126 54 89 104 125 126 80 30 104 99 103 70 20 78 34 47 84 30 120 38 8 34 84 94 46 116 54 40 43 84 65 68 54 117 93 12 92 33 76 83 14 6 43 53 32 22 82 80 117 30 40 82 4 46 31 68 81 55 62 113 56 81 74 30 24 83 53 83 29 79 25 83 74 109 93 98 57 11 27 108 3 38 12 23 126 96 55 107 3 14 121 43 4 7 96 55 114 91 110 89 111 37 2 26 113 78 8 106 63 81 91 22 94 0 115 74 122 42 46 73 64 79 11 46 111 94 123 86 31 85 92 104 107 45 70 89 22 32 109 79 8 30 23 6 63 114 103 124 7 55 45 125 109 37 10 83 26 24 88 50 93 92 80 19 83 36 11 88 24 76 68 30 110 124 111 8 84 16 68 112 107 38 111 26 75 24 108 115 105 53 43 35 43 8 20 108 57 65 18 118 6 13 77 31 67 40 34 47 68 117 99 103 3 71 94 2 90 38 43 17 79 90 97 7 41 63 15 15 40 107 104 48 52 79 17 124

985
125 68 125 78 42 103 85 95 123 24 67 106 6 111 110 26 62 70 47 56 18 33 99 117 81 22 7 107 126 27 67 82 62 93 20 105 115 57 125 81 52 108 14 71 61 107 126 89 77 31 77 43 109 93 33 67 101 77 68 62 104 61 62 45 27 3 19 32 56 58 41 36 13 113 19 7 8 101 111 9 127 38 34 74 126 103 99 81 68 98 51 59 3 78 47 104 24 109 96 63 112 68 5 82 62 24 70 99 69 32 54 122 67 19 11 71 111 100 117 28 124 26 38 126 3 79 72 67 71 118 52 42 37 48 27 110 123 88 51 34 123 112 33 36 83 87 41 48 78 51 25 116 99 96 109 119 2 62 11 99 40 60 79 51 84 83 63 1 20 60 118 84 23 51 110 60 98 126 105 53 8 73 104 61 119 116 10 29 7 81 97 59 72 61 105 120 3 115 91 20 38 126 60 91 64 83 76 108 48 59 33 107 87 14 110 54 126 120 14 124 55 15 29 48 44 45 32 72 122 10 82 24 114 114 31 104 6 7 45 42 106 88 62 22 114 4 18 117 12 23 55 97 42 8 115 27 11 41 47 28 14 67 46 70 125 19 124 77 127 119 72 89 71 55 124 38 34 95 116 56 54 35 65 126 72 12 104 55 25 34 96 91 65 76 58 41 41 116 62 49 96 46 32 4 125 18 54 109 112 110 123 15 106 47 43 47 55 75 23 59 65 9 89 94 69 99 0 113 114 13 116 4 124 122 116 64 106 113 0 109 92 110 10 103 87 99 25 22 120 27 125 112 105 54 75 47 118 110 50 7 116 3 89 45 19 42 9 116 78 2 64 10 9 5 117 63 105 92 76 19 124 18 15 75 74 63 93 120 93 66 59 95 16 74 106 101 110 96 75 115 46 91 52 86 15 24 28 64 124 89 59 66 115 27 72 24 37 43 79 120 2 119 91 13 28 107 17 29 6 59 46 54 69 88 61 27 116 57 5 65 18 86 110 8 75 125 2 87 11 84 93 105 16 51 106 76 11 38 120 33 38 56 75 0 75 79 97 7 100 2 39 39 118 20 82 46 116 79 38 2 14 56 44 3 118 64 88 64 120 39 40 55 5 44 90 100 51 95 46 30 68 40 109 66 40 31 62 86 6 126 12 86 41 57 115 75 88 69 84 28 82 42 2 38 102 80 4 12 104 118 121 109 89 62 4 49 50 61 48 20 110 41 6 46 72 41 86 119 39 2 65 29 117 76 127 32 83 89 22 45 15 28 112 23 12 71 63 10 28 48 38 51 30 17 29 93 37 118 121 81 21 15 40 106 10 103 23 110 121 1 49 8 61 99 45 72 55 27 21 100 41 124 83 55 50 33 7 83 4 93 99 114 28 44 111 17 0 3 28 107 17 77 13 60 84 36 99 101 88 122 105 5 106 62 71 51 29 73 126 43 86 13 24 84 27 13 15 38 3 113 58 99 90 16 44 83 81 93 60 78 108 5 98 7 55 106 91 61 28 15 29 111 1 45 56 93 105 35 78 18 84 80 103 43 61 100 62 30 48 63 58 10 110 70 113 41 56 7 65 47 46 126 17 25 108 82 41 79 45 41 15 70 24 78 27 81 96 62 60 97 45 121 103 88 123 12 84 36 108 31 50 85 95 25 14 57 32 79 88 28 0 24 21 59 96 74 24 125 34 121 91 60 111 99 63 40 43 73 46 33 36 46 58 40 91 112 56 8 34 105 23 28 47 78 112 29 87 113 16 32 12 120 115 109 117 73 83 2 10 48 94 23 67 98 12 125 1 24 47 2 48 122 117 95 25 21 11 72 13 47 94 77 111 52 2 9 53 33 121 116 42 10 50 74 10 118 119 52 8 28 45 72 103 87 19 0 6 42 43 0 54 27 40 121 74 54 122 106 64 93 126 11 52 105 52 49 110 71 87 91 67 112 71 64 102 37 42 99 117 72 38 73 36 80 103 6 90 45 98 106 104 118 47 30 67 13 96 68 68 115 43 82 85 67 103 39 42 119 79 40 103 112 57 65 73 24 37 103 96 123 111 71 36 41 89 29 56 24 14 52 76 52 51 117 28 34 35 9 103 62 2 120 116 108 73 54 29 119 68 32 26 75 28 3 56 16 18 70 43 39 93 65 45 49 70 43 124 58 105 22 84 97 18 18 80 4 122 123 78 98 99 6 59 8 69 32 97 47 37 120 61 26 10 3 37

291
94 102 42 16 11 0 121 95 73 58 58 89 91 55 104 109 45 26 40 51 61 39 114 99 12 32 40 34 117 70 62 58 103 79 24 72 10 1 62 106 55 36 109 29 109 81 66 102 91 71 79 32 35 33 31 110 116 121 77 39 50 104 22 68 26 123 59 100 6 13 116 51 75 69 29 32 43 102 119 41 121 117 1 35 59 27 113 125 29 1 97 7 111 70 94 66 122 119 97 46 24 90 73 23 104 127 124 125 64 43 109 9 121 126 80 92 60 109 84 9 89 112 26 102 89 57 70 99 38 71 73 18 4 10 125 71 117 96 16 19 62 3 48 45 9 109 111 6 39 113 86 5 87 74 33 72 63 35 95 84 110 81 69 118 91 84 12 117 106 28 96 82 112 10 115 10 75 18 48 56 79 21 101 10 117 73 86 47 121 1 72 83 84 76 50 82 1 111 33 67 54 75 49 32 118 107 85 14 58 36 19 67 103 98 53 17 9 70 39 45 119 58 88 68 110 51 84 29 66 13 55 56 10 78 74 72 59 65 21 17 53 14 76 92 41 98 122 69 11 120 62 5 67 15 61 29 49 21 25 38 12 72 122 80 83 25 69 95 83 97 10 71 76 9 70 16 117 40 27 75 64 64 104 48 35 80 0 105 74 12 95

983
21 96 126 47 71 114 87 56 71 72 46 124 55 9 5 54 120 29 41 14 46 125 38 25 77 94 48 89 50 4 93 101 20 90 20 54 126 105 101 84 50 55 23 30 49 79 9 17 51 56 97 19 33 35 45 114 71 121 89 60 7 78 111 35 0 54 59 115 114 66 55 92 107 34 27 80 110 15 21 30 92 84 86 104 0 93 87 3 57 21 10 36 81 29 22 15 90 118 40 125 124 4 28 11 60 12 18 21 78 22 53 51 69 56 24 8 74 77 9 55 105 79 86 1 30 124 37 72 44 85 68 113 39 27 12 78 97 93 1 6 74 4 84 74 47 45 16 127 37 127 82 21 31 74 52 79 20 74 89 23 41 68 43 81 11 97 53 112 108 127 73 118 119 24 42 19 127 20 38 17 117 75 24 105 85 118 12 55 6 110 34 127 16 87 120 24 107 16 104 110 2 48 4 16 91 105 13 42 13 13 38 113 48 13 56 127 33 32 6 97 22 18 6 26 60 115 106 121 41 56 104 107 72 0 62 119 60 71 35 44 18 3 77 61 28 80 116 71 14 24 19 51 22 113 93 104 27 98 17 124 87 109 30 103 90 108 0 33 93 77 36 81 73 56 14 32 96 74 10 60 63 104 121 30 33 70 90 108 8 106 51 102 97 14 30 80 67 124 66 86 93 96 76 34 98 65 58 120 49 42 18 104 116 87 78 39 19 110 6 24 63 114 71 58 50 27 58 98 78 21 13 54 91 16 16 6 119 27 99 66 94 95 33 112 12 79 1 4 65 109 26 40 24 99 84 74 86 107 64 58 38 52 81 31 119 64 47 9 52 88 110 50 97 76 14 12 96 87 56 74 120 98 119 103 6 74 74 75 64 106 40 69 18 14 1 57 94 48 50 104 55 112 114 50 7 85 119 91 7 18 19 31 47 85 127 78 27 118 27 60 22 115 36 28 86 53 127 111 80 125 113 6 78 69 47 80 106 0 123 59 48 44 88 81 84 108 104 81 82 34 99 66 22 79 60 26 52 50 94 45 41 60 33 81 94 99 93 83 35 34 0 61 17 78 85 98 42 25 88 89 25 45 126 113 45 110 52 106 64 12 120 97 41 15 92 127 86 24 122 4 3 119 9 111 71 1 120 29 123 27 40 103 73 60 115 66 59 105 115 32 73 69 46 123 94 26 17 96 60 105 49 100 54 102 22 59 34 62 38 38 59 97 59 72 103 9 64 48 27 2 82 62 95 81 68 86 54 46 8 2 50 73 111 119 75 71 115 54 76 17 54 1 15 41 98 10 79 61 23 89 108 73 88 90 28 121 44 57 94 80 17 70 23 21 36 119 66 5 116 111 74 92 64 13 113 36 29 76 71 76 107 54 47 79 109 4 110 88 120 51 55 93 112 35 112 8 35 22 82 0 79 106 116 87 7 80 23 94 37 16 31 115 78 114 88 43 15 44 1 38 45 22 35 28 91 122 37 26 54 126 72 89 108 89 78 124 117 116 21 97 45 108 63 100 30 31 26 100 62 66 23 80 87 3 60 44 71 26 24 24 36 7 11 22 98 106 83 30 105 61 78 51 48 48 102 39 94 71 58 53 48 13 5 123 49 19 124 40 118 10 107 90 99 37 108 46 0 115 81 61 61 52 90 85 93 49 86 127 86 37 61 93 61 62 36 26 118 47 74 54 55 42 82 3 41 24 60 99 10 79 2 99 41 118 127 92 29 123 24 4 103 120 124 101 39 117 63 51 96 121 24 116 75 68 10 119 56 62 114 12 90 91 107 34 22 48 122 55 91 46 10 50 95 23 39 57 118 58 93 121 22 113 5 33 80 124 90 17 23 4 28 78 14 36 82 41 126 113 108 101 100 51 33 88 115 13 73 127 3 43 18 15 115 97 50 4 27 110 54 93 87 61 47 66 13 124 101 120 104 69 126 107 1 59 116 36 16 74 95 116 10 7 48 111 69 127 89 13 64 41 34 111 11 39 57 36 27 83 1 103 42 96 74 115 46 2 93 63 11 68 27 68 0 53 104 75 79 32 124 98 117 15 46 99 106 71 30 91 2 34 66 62 80 83 56 62 89 40 2 46 2 73 45 126 95 32 87 13 92 24 112 36 34 111 29 84 121 86 118 19 95 19 52 66 21 86 13 61 0 53 47 24 52 90 56 106 61 79 72 41 60 78 100 100 25 54 95 120 71 84 18 73 91

208
94 26 107 70 14 98 57 52 7 3 30 31 6 108 14 51 89 119 47 22 30 21 99 6 80 84 40 37 26 108 53 12 62 30 112 111 100 73 18 84 77 10 11 48 91 55 0 11 103 10 112 26 58 84 124 53 77 42 98 87 108 60 67 40 109 29 74 97 66 111 50 96 58 0 33 20 81 52 52 12 8 5 83 67 91 81 86 88 70 18 84 32 63 76 93 56 76 76 85 11 70 31 87 54 49 100 113 109 2 74 44 53 95 23 18 65 80 34 100 41 11 107 58 120 109 39 40 1 35 104 55 66 79 113 114 2 63 107 94 3 58 57 14 59 29 42 84 116 49 54 5 71 81 80 69 121 13 14 122 125 93 104 41 69 59 123 50 118 3 13 25 59 69 26 75 35 46 120 46 70 22 113 106 121 39 88 16 92 48 37 50 61 56 1 86 44 46 25 124 30 57 79 19 9 68 3 19 33
